321
747
796
1405
3021
3796
4851
5153
5925
6372
6451
7557
9622
12005
12299
12524
12540
13614
14039
15035
15905
16054
16422
19234
22803
24884
24943
26115
26958
26970
27000
27331
28201
30484
32935
34247
34846
35503
41539
41968
42351
43214
43695
43740
45750
46405
46439
48412
48608
49988
50064
51241
52420
55348
55413
56658
57807
59033
59056
59714
60055
60316
62599
62820
65577
65947
67410
67479
68856
71113
71133
71618
72082
72797
74073
79578
79869
79974
82440
83872
83955
86102
86854
88123
88332
89298
89731
90446
91094
91110
92240
92709
93247
93805
95077
95410
96941
98299
98894
99290
