98623
95601
95244
94773
94709
94446
94027
93795
92311
89809
89106
86010
83348
83050
80177
79978
79122
78580
76924
76630
76557
74713
74085
73895
73485
73159
69729
69699
69434
68434
66142
65877
65864
65496
64576
63579
63251
62890
61074
61052
60255
58750
58568
58322
57858
57347
56914
56350
55748
55551
55149
53170
51232
51061
50885
49977
49580
49478
49422
43670
42878
42798
42107
40125
39179
36750
36595
36517
35940
35625
32861
31938
31030
30250
29344
28578
27419
26739
26561
25559
24295
23613
19680
19238
18872
18725
15788
15641
15119
13955
13322
12902
12717
9660
9602
8744
7874
6664
4902
400
