25866
56983
17513
94536
9472
21133
60106
68971
5292
11636
5647
87885
68358
82317
34874
52276
23726
66760
29931
57383
17817
83406
80123
13186
16229
60203
14850
47450
53134
61430
67928
72270
23738
16382
9977
33701
30414
72691
7553
99690
65316
79693
76054
77281
50420
90141
79749
94565
64783
5903
10949
1855
12202
92440
16760
91909
96471
76866
73520
94637
30288
50673
77102
98380
71085
32497
37733
19823
73333
27326
1725
42901
99856
17456
77204
14791
85691
4865
2271
74421
85621
43100
70158
85455
75478
80195
49325
20124
40736
68445
24614
11706
4781
27226
88740
83027
5192
55012
27027
39385
